0.00 194.14 188.49 181.83 165.56 161.73 146.41 186.91 161.43 153.49 146.11 110.41 76.41 98.41 74.41 115.90 114.49 167.46 162.04 71.41 81.90 80.90 91.56 99.21 94.90 113.56
194.14 0.00 18.97 12.31 66.87 63.04 47.73 228.23 202.74 126.80 187.43 83.73 117.73 139.73 119.73 161.21 155.80 208.77 203.36 182.73 193.21 192.21 202.87 210.53 206.21 224.87
188.49 18.97 0.00 6.66 61.21 57.38 42.07 222.57 197.08 121.14 181.77 78.07 112.07 134.07 114.07 155.56 150.14 203.11 197.70 177.07 187.56 186.56 197.21 204.87 200.56 219.21
181.83 12.31 6.66 0.00 54.56 50.73 35.41 215.91 190.43 114.49 175.11 71.41 105.41 127.41 107.41 148.90 143.49 196.46 191.04 170.41 180.90 179.90 190.56 198.21 193.90 212.56
165.56 66.87 61.21 54.56 0.00 34.46 19.14 199.64 174.15 98.21 158.84 55.14 89.14 111.14 91.14 132.63 127.21 180.18 174.77 154.14 164.63 163.63 174.28 181.94 177.63 196.28
161.73 63.04 57.38 50.73 34.46 0.00 15.31 195.81 170.33 94.38 155.01 51.31 85.31 107.31 87.31 128.80 123.38 176.36 170.94 150.31 160.80 159.80 170.46 178.11 173.80 192.46
146.41 47.73 42.07 35.41 19.14 15.31 0.00 180.50 155.01 79.07 139.70 36.00 70.00 92.00 72.00 113.49 108.07 161.04 155.63 135.00 145.49 144.49 155.14 162.80 158.49 177.14
186.91 228.23 222.57 215.91 199.64 195.81 180.50 0.00 56.11 187.57 40.80 144.50 110.50 88.50 112.50 153.98 104.57 157.54 152.12 175.50 185.98 184.98 195.64 203.30 198.98 217.64
161.43 202.74 197.08 190.43 174.15 170.33 155.01 56.11 0.00 162.08 15.31 119.01 85.01 63.01 87.01 128.50 79.08 132.05 126.64 150.01 160.50 159.50 170.15 177.81 173.50 192.15
153.49 126.80 121.14 114.49 98.21 94.38 79.07 187.57 162.08 0.00 146.77 43.07 77.07 99.07 79.07 120.56 115.14 168.11 162.70 142.07 152.56 151.56 162.21 169.87 165.56 184.21
146.11 187.43 181.77 175.11 158.84 155.01 139.70 40.80 15.31 146.77 0.00 103.70 69.70 47.70 71.70 113.18 63.77 116.74 111.33 134.70 145.18 144.18 154.84 162.50 158.18 176.84
110.41 83.73 78.07 71.41 55.14 51.31 36.00 144.50 119.01 43.07 103.70 0.00 34.00 56.00 36.00 77.49 72.07 125.04 119.63 99.00 109.49 108.49 119.14 126.80 122.49 141.14
76.41 117.73 112.07 105.41 89.14 85.31 70.00 110.50 85.01 77.07 69.70 34.00 0.00 22.00 2.00 43.49 38.07 91.04 85.63 65.00 75.49 74.49 85.14 92.80 88.49 107.14
98.41 139.73 134.07 127.41 111.14 107.31 92.00 88.50 63.01 99.07 47.70 56.00 22.00 0.00 24.00 65.49 16.07 69.04 63.63 87.00 97.49 96.49 107.14 114.80 110.49 129.14
74.41 119.73 114.07 107.41 91.14 87.31 72.00 112.50 87.01 79.07 71.70 36.00 2.00 24.00 0.00 41.49 40.07 93.04 87.63 63.00 73.49 72.49 83.14 90.80 86.49 105.14
115.90 161.21 155.56 148.90 132.63 128.80 113.49 153.98 128.50 120.56 113.18 77.49 43.49 65.49 41.49 0.00 81.56 134.53 129.11 104.49 114.97 113.97 124.63 132.28 127.97 146.63
114.49 155.80 150.14 143.49 127.21 123.38 108.07 104.57 79.08 115.14 63.77 72.07 38.07 16.07 40.07 81.56 0.00 52.97 47.56 103.07 113.56 112.56 123.21 130.87 126.56 145.21
167.46 208.77 203.11 196.46 180.18 176.36 161.04 157.54 132.05 168.11 116.74 125.04 91.04 69.04 93.04 134.53 52.97 0.00 100.53 156.04 166.53 165.53 176.18 183.84 179.53 198.18
162.04 203.36 197.70 191.04 174.77 170.94 155.63 152.12 126.64 162.70 111.33 119.63 85.63 63.63 87.63 129.11 47.56 100.53 0.00 150.63 161.11 160.11 170.77 178.43 174.11 192.77
71.41 182.73 177.07 170.41 154.14 150.31 135.00 175.50 150.01 142.07 134.70 99.00 65.00 87.00 63.00 104.49 103.07 156.04 150.63 0.00 10.49 9.49 20.14 27.80 23.49 42.14
81.90 193.21 187.56 180.90 164.63 160.80 145.49 185.98 160.50 152.56 145.18 109.49 75.49 97.49 73.49 114.97 113.56 166.53 161.11 10.49 0.00 19.97 9.66 38.28 13.00 52.63
80.90 192.21 186.56 179.90 163.63 159.80 144.49 184.98 159.50 151.56 144.18 108.49 74.49 96.49 72.49 113.97 112.56 165.53 160.11 9.49 19.97 0.00 29.63 18.31 32.97 32.66
91.56 202.87 197.21 190.56 174.28 170.46 155.14 195.64 170.15 162.21 154.84 119.14 85.14 107.14 83.14 124.63 123.21 176.18 170.77 20.14 9.66 29.63 0.00 47.94 22.66 62.28
99.21 210.53 204.87 198.21 181.94 178.11 162.80 203.30 177.81 169.87 162.50 126.80 92.80 114.80 90.80 132.28 130.87 183.84 178.43 27.80 38.28 18.31 47.94 0.00 51.28 50.97
94.90 206.21 200.56 193.90 177.63 173.80 158.49 198.98 173.50 165.56 158.18 122.49 88.49 110.49 86.49 127.97 126.56 179.53 174.11 23.49 13.00 32.97 22.66 51.28 0.00 65.63
113.56 224.87 219.21 212.56 196.28 192.46 177.14 217.64 192.15 184.21 176.84 141.14 107.14 129.14 105.14 146.63 145.21 198.18 192.77 42.14 52.63 32.66 62.28 50.97 65.63 0.00
